01111110011111010110110100101110111001010111110000010111110001000000000000000000000000011101101001011101001011101110010101111100000101111100010000000000000000000001101100001111110
01111110000011101101001011101110010111000100011111010011111010011111000001011111000100000000000000000000000001110110100101110111001010111110000111001011100010001110100010101111110
00000001111110111001111101001111100000101111100010000000000000000000000010010111011100101011111000001011111000100000000000000000000000001110110100101110111001011100010000001001101111110
1111110111111011111010011111010011111000001011111000100000000001001011101110010101111100000101111100010000000000000000000000000111011010010111011100101110001000111110100111010111101111110
0111111011110011111000001011111000100000000000000000000000001110110100101110111001010111110000000000000000000111011010010111011100101011111000010010111011100101011011110001111110
01111110111100001011111000100000000000000000000000001110110100101110111001011100010001111101001111101001111100000101111100010000000000000000000000000111011010010110000011001111110
011111101010010111011100101011111000001011111000100000000000000000000000001110110100101110111001011100010001111101001111101001111100000101111100010000000000001110010110100001111110
011111100101111100000101111100010000000000000000000000000111011010010111011100101110001000111110100111110100111110000010111110001000000000000000000000000011101101000000000101111110
0111111010111110001010111110000010111110001000000000000000000000000011101101001011101110010111000100011111010011111010011111000001011111000100000000000000000000000001101010001111110
0111111011101101001011101110010101111100000000000000000001110110100101110111001010111110000100101110111001010111110000010111110001000000000000000000000000011101101111000101111110
0111111010010111011100101110001000111110100111110100111110000010111110001000000000000000000000000011101101001011101001011101110010101111100000101111100010000000000011111000001111110
01111110000000000000001110110100101110111001011100010001111101001111101001111100000101111100010000000000000000000000000111011010010111011100101011111000011100101011100000001111110
011111101111000001110110100101110111001010111110000010111110001000000010000001111101001111101000000000000000010010111011100010111110000010111110001000000000000000001011000001111110
01111110000000001110110100101110111001011100010001111101001111101001111100000101111100010000000000000000000000000111011010010111011100101011111000000000111010010111100100001111110
011111101011100101011111000001011111000100000000000000000000000001110110100101110111001011100010001111101001111101001111100000101111100010000000000000000000000000110000010101111110
0111111010110100101110111001011101110010111001010111110000000000000000000111011010010111011100101011111000010010111011100101011111000001011111000100000000000000000011011101111110
01111110000000000111011010010111011100101110001000111110100111110100111110000010111110001000000000000000000000000011101101001011101001011101110010101111100000101110110011101111110
0111111011001000000000000000000000000011101101001011101110010111000100011111010011111010011111000001011111000100000000000000000000000001110110100101110111001010110001001001111110
0111111011100011100101011111000000111011010010111011100101011111000001011111000100000001000000111110100111110100000000000000001001011101110010101111100000101111100010111010101111110
011111100000000000000000000000000111011010010111011100101110001000111110100111110100111110000010111110001000000000000000000000000011101101001011101110010101111100011111000101111110
011111100000001110100101110111001010111110000010111110001000000000000000000000000011101101001011101110010111000100011111010011111010011111000001011111000100000000001001110101111110
011111100000000000000001110110100101110111001011101110000000000000001110110100101110111001010111110000111001010111110000001110110100101110111001010111110000010111001110101111110
11101111110111001000000010000001111101001111101000000000000000010010111011100101011111000001011111000100000000000000000000000001110110100101110111001011100010001111101111011001111110
011111101001111101001111100000101111100010000000000000000000000000111011010010111011100101011111000000000111010010111011100101011111000001011111000100000000000000001101100001111110
01111110000000000111011010010111011100101110001000111110100111110100111110000010111110001000000000000000000000000011101101001011101110010111011100101011111000001011010100001111110
011111101111001000000000000000000000110000111011010010111011100101110001000111110100111110100111110000010111110001000000000000000000000000011101101001011101110010101000001001111110
01111110111110000100101011111000011010010111011100101011111000001011001011101110010101111100000101111100010000000000000000000000000111011010010111011100101110001001010110001111110
0111111001111101001111101001111100000101111100010000000001110000000000000000111011010010111011100101011111000011110010000000000000000000000000111110000010101111101001111011011001111110
011111101110011010010111011100101011111000001011111000100000000000000000000000001111000110111110101011000001111110
